
Level: 0  Iter: 0  Start...
0000      0000 0000 0000 0000 0000 0000 0000 0000 0000 0000 0000 0000 0000 
0000 0000      0000 0000 0000 0000 0000 0000 0000 0000 0000 0000 0000 0000 
0000 0000 0000      0000 0000 0000 0000 0000 0000 0000 0000 0000 0000 0000 
0000 0000 0000 0000      0000 0000 0000 0000 0000 0000 0000 0000 0000 0000 
0000 0000 0000 0000 0000      0000 0000 0000 0000 0000 0000 0000 0000 0000 
0000 0000 0000 0000 0000 0000      0000 0000 0000 0000 0000 0000 0000 0000 
0000 0000 0000 0000 0000 0000 0000      0000 0000 0000 0000 0000 0000 0000 
0000 0000 0000 0000 0000 0000 0000 0000      0000 0000 0000 0000 0000 0000 
0000 0000 0000 0000 0000 0000 0000 0000 0000      0000 0000 0000 0000 0000 
0000 0000 0000 0000 0000 0000 0000 0000 0000 0000      0000 0000 0000 0000 
0000 0000 0000 0000 0000 0000 0000 0000 0000 0000 0000      0000 0000 0000 
0000 0000 0000 0000 0000 0000 0000 0000 0000 0000 0000 0000      0000 0000 
0000 0000 0000 0000 0000 0000 0000 0000 0000 0000 0000 0000 0000      0000 

Level: 0  Iter: 0  TotChg: 434601.85  MaxChg: 4495.85  DispChg: 182
PnAve: 2.22305  DlAve: 2.22305
2801      2609 1924 2177 1613 1752 1844 1846 1772 3473 1892 1948 1922 1852 
2192 2962      2627 2546 1882 1737 1854 1856 1782 3484 1903 1958 1932 1863 
2271 3489 3070      2916 2430 2158 1969 1996 1922 3624 2043 2099 2073 2003 
2765 2323 2528 2957      2613 2326 2136 1803 1768 3469 1888 1944 1918 1848 
2852 2879 3118 3318 4496      2828 2560 2276 2804 2859 2016 2028 2023 1899 
2095 2133 2058 2109 3448 3116      3003 3599 2530 2936 2102 2131 2054 2082 
2124 2147 2072 2065 3213 2727 3248      3248 2727 3213 2065 2072 2147 2124 
2082 2054 2131 2102 2936 2530 3599 3003      3116 3448 2109 2058 2133 2095 
1899 2023 2028 2016 2859 2804 2276 2560 2828      4496 3318 3118 2879 2852 
1848 1918 1944 1888 3469 1768 1803 2136 2326 2613      2957 2528 2323 2765 
2003 2073 2099 2043 3624 1922 1996 1969 2158 2430 2916      3070 3489 2271 
1863 1932 1958 1903 3484 1782 1856 1854 1737 1882 2546 2627      2962 2192 
1852 1922 1948 1892 3473 1772 1846 1844 1752 1613 2177 1924 2609      2801 

Level: 0  Iter: 1  TotChg: 225023.14  MaxChg: 2365.11  DispChg: 182
PnAve: 3.35633  DlAve: 3.51648
4159      4037 3045 3378 2606 2828 2980 2983 2864 5297 2963 3070 3038 2913 
3236 4393      4118 3895 3056 2829 3022 3025 2906 5339 3005 3111 3080 2955 
3392 5242 4543      4573 3844 3461 3203 3247 3127 5560 3227 3333 3302 3177 
4139 3427 3707 4384      4179 3772 3486 2985 2925 5358 3024 3130 3099 2974 
4210 4219 4595 4912 6629      4519 4135 3715 4478 4440 3241 3271 3258 3115 
3030 3067 2976 3023 5048 4522      4812 5727 4100 4581 3390 3435 3378 3378 
3048 3073 2955 2983 4678 3874 4695      5167 4470 5034 3324 3404 3491 3446 
3007 2929 3078 3049 4277 3635 5197 4323      4977 5359 3501 3344 3465 3386 
2731 2923 2943 2936 4196 4062 3217 3707 4089      6861 5142 4820 4451 4385 
2701 2788 2836 2788 5105 2520 2554 3058 3338 3807      4626 4042 3665 4172 
2904 2991 3038 2990 5308 2723 2809 2776 3131 3503 4206      4778 5261 3540 
2689 2776 2824 2776 5093 2508 2594 2603 2445 2668 3688 3767      4584 3448 
2679 2765 2813 2765 5082 2498 2584 2592 2471 2291 3089 2699 3749      4337 

Level: 0  Iter: 2  TotChg: 116789.73  MaxChg: 1188.17  DispChg: 182
PnAve: 4.01211  DlAve: 4.16961
4832      4794 3651 4007 3172 3427 3600 3609 3468 6217 3580 3722 3694 3546 
3735 5092      4921 4588 3718 3443 3665 3674 3533 6282 3645 3787 3759 3611 
3939 6120 5246      5462 4599 4184 3881 3937 3797 6545 3909 4050 4023 3875 
4841 3958 4261 5086      5054 4572 4229 3658 3585 6334 3698 3839 3811 3664 
4879 4863 5313 5699 7687      5445 4993 4512 5382 5262 3959 4014 3993 3850 
3457 3484 3390 3446 5816 5170      5776 6842 4963 5432 4142 4199 4152 4123 
3459 3482 3340 3407 5369 4364 5349      6201 5439 5986 4067 4193 4261 4208 
3419 3306 3497 3479 4901 4116 5913 4899      6005 6372 4329 4090 4228 4134 
3108 3331 3353 3360 4838 4638 3611 4186 4659      8049 6119 5740 5282 5193 
3099 3180 3236 3215 5894 2843 2867 3447 3778 4349      5579 4945 4459 4926 
3339 3420 3476 3455 6134 3083 3165 3127 3561 4009 4824      5746 6231 4295 
3094 3176 3232 3211 5890 2839 2920 2929 2764 3031 4252 4324      5492 4205 
3097 3178 3234 3213 5893 2842 2923 2932 2807 2608 3556 3092 4333      5217 

Level: 0  Iter: 3  TotChg: 59815.89  MaxChg: 636.11  DispChg: 182
PnAve: 4.36698  DlAve: 4.47850
5153      5224 4011 4361 3497 3759 3937 3953 3803 6716 3932 4097 4072 3914 
3962 5417      5352 4968 4098 3771 4002 4019 3869 6781 3998 4162 4137 3980 
4193 6552 5576      5966 5001 4576 4253 4318 4169 7081 4298 4462 4437 4280 
5194 4197 4508 5416      5528 5007 4612 4020 3942 6854 4070 4235 4210 4052 
5206 5168 5659 6077 8215      5923 5420 4921 5847 5696 4343 4420 4394 4256 
3644 3660 3570 3630 6184 5464      6261 7397 5405 5876 4543 4614 4574 4517 
3632 3648 3499 3590 5689 4563 5635      6730 5949 6487 4470 4630 4674 4613 
3596 3460 3677 3664 5195 4318 6229 5150      6540 6912 4796 4494 4637 4531 
3277 3511 3535 3552 5150 4903 3773 4397 4923      8685 6645 6240 5728 5620 
3287 3357 3420 3418 6287 2988 3000 3619 3983 4614      6090 5448 4888 5329 
3547 3618 3680 3678 6548 3248 3320 3281 3771 4264 5129      6265 6753 4707 
3290 3361 3423 3421 6291 2991 3064 3074 2912 3213 4548 4604      5979 4626 
3299 3370 3432 3430 6300 3000 3072 3083 2966 2763 3796 3294 4625      5691 

Level: 0  Iter: 4  TotChg: 30469.08  MaxChg: 345.72  DispChg: 182
PnAve: 4.56240  DlAve: 4.62500
5307      5480 4233 4579 3684 3945 4115 4137 3994 6996 4145 4311 4286 4136 
4066 5570      5603 5188 4311 3953 4177 4200 4056 7058 4208 4374 4348 4198 
4310 6761 5731      6247 5223 4774 4442 4515 4371 7373 4522 4689 4663 4513 
5368 4306 4621 5574      5771 5222 4794 4196 4124 7127 4276 4442 4416 4266 
5365 5314 5825 6260 8476      6159 5602 5109 6080 5924 4546 4630 4602 4478 
3731 3738 3651 3713 6362 5602      6479 7648 5614 6096 4745 4822 4785 4713 
3709 3721 3568 3675 5841 4652 5767      6980 6193 6738 4679 4856 4874 4812 
3676 3525 3757 3747 5334 4408 6376 5263      6812 7199 5059 4704 4840 4736 
3354 3592 3617 3640 5301 5028 3845 4493 5048      9031 6931 6509 5957 5852 
3374 3435 3501 3512 6479 3053 3058 3695 4077 4738      6365 5717 5114 5554 
3646 3707 3773 3784 6751 3325 3391 3350 3868 4388 5277      6536 7035 4929 
3386 3447 3513 3524 6491 3065 3131 3141 2984 3300 4696 4745      6227 4848 
3398 3459 3525 3536 6503 3077 3143 3153 3042 2837 3920 3396 4773      5948 

Level: 1  Iter: 1  TotChg: 14068.91  MaxChg: 163.57  DispChg: 182
PnAve: 4.66655  DlAve: 4.68852
5331      5600 4371 4713 3795 4037 4196 4225 4089 7134 4267 4428 4398 4259 
4105 5618      5734 5332 4443 4046 4262 4290 4153 7206 4331 4493 4463 4324 
4385 6860 5796      6391 5351 4875 4533 4608 4476 7526 4646 4808 4780 4639 
5431 4356 4668 5618      5907 5344 4893 4293 4231 7276 4393 4553 4525 4386 
5440 5386 5911 6360 8639      6273 5707 5226 6182 6047 4652 4741 4710 4597 
3769 3775 3664 3746 6446 5656      6565 7731 5722 6200 4845 4925 4891 4812 
3724 3768 3605 3709 5918 4731 5839      7077 6309 6855 4782 4968 4974 4861 
3712 3553 3789 3780 5400 4481 6449 5320      6946 7352 5209 4788 4954 4847 
3377 3613 3641 3667 5371 5064 3888 4549 5086      9195 7075 6641 6063 5957 
3399 3459 3528 3543 6544 3079 3078 3734 4127 4768      6488 5857 5236 5665 
3674 3733 3803 3816 6839 3347 3407 3367 3919 4454 5326      6654 7171 5049 
3404 3463 3533 3547 6547 3072 3139 3150 2993 3332 4750 4751      6331 4953 
3416 3476 3546 3559 6544 3085 3151 3162 3051 2848 3950 3421 4766      6055 

Level: 2  Iter: 1  TotChg: 6429.73  MaxChg: 117.94  DispChg: 182
PnAve: 4.71567  DlAve: 4.70969
5286      5630 4450 4790 3869 4077 4222 4253 4137 7175 4326 4485 4439 4307 
4112 5610      5789 5414 4536 4092 4291 4321 4201 7260 4394 4553 4509 4378 
4380 6886 5807      6452 5447 4926 4569 4641 4531 7583 4709 4869 4828 4695 
5427 4387 4705 5601      5985 5408 4935 4333 4298 7328 4453 4610 4569 4436 
5463 5415 5952 6405 8757      6327 5759 5288 6217 6105 4706 4759 4756 4646 
3767 3781 3661 3749 6498 5663      6587 7723 5815 6244 4898 4970 4934 4855 
3713 3778 3621 3700 5968 4783 5877      7096 6395 6904 4803 5017 5011 4875 
3709 3556 3805 3791 5435 4547 6487 5343      7016 7417 5282 4824 5005 4891 
3365 3611 3623 3668 5412 5061 3950 4603 5070      9243 7141 6696 6111 6012 
3389 3462 3543 3547 6594 3084 3086 3752 4138 4728      6518 5923 5293 5709 
3668 3738 3820 3823 6911 3346 3411 3368 3931 4481 5328      6687 7218 5084 
3393 3466 3550 3552 6603 3066 3143 3151 2984 3340 4783 4688      6355 4993 
3406 3480 3566 3566 6590 3083 3159 3165 3043 2836 3974 3424 4665      6075 

Level: 2  Iter: 2  TotChg: 3387.10  MaxChg: 53.43  DispChg: 175
PnAve: 4.74033  DlAve: 4.72030
5261      5643 4487 4825 3907 4097 4236 4271 4161 7193 4351 4510 4459 4328 
4114 5605      5816 5450 4587 4117 4309 4342 4227 7284 4422 4582 4533 4404 
4378 6896 5813      6482 5497 4956 4591 4664 4560 7610 4738 4898 4853 4721 
5421 4401 4726 5594      6031 5447 4963 4363 4336 7355 4484 4641 4596 4464 
5471 5426 5969 6420 8807      6359 5794 5328 6238 6132 4733 4770 4780 4672 
3769 3785 3659 3750 6523 5667      6605 7729 5866 6268 4928 4997 4961 4879 
3711 3784 3632 3698 5991 4814 5901      7118 6448 6934 4819 5049 5038 4889 
3709 3557 3815 3797 5452 4586 6509 5357      7055 7451 5323 4846 5034 4915 
3357 3607 3612 3668 5428 5059 3984 4630 5059      9264 7175 6723 6136 6037 
3381 3459 3549 3547 6612 3084 3089 3761 4139 4703      6533 5960 5324 5727 
3661 3735 3826 3824 6939 3343 3412 3366 3931 4489 5322      6706 7237 5099 
3385 3463 3557 3552 6624 3060 3145 3150 2975 3337 4794 4651      6368 5014 
3399 3480 3575 3571 6609 3082 3165 3167 3037 2827 3982 3421 4612      6085 

Level: 3  Iter: 1  TotChg: 1516.79  MaxChg: 30.87  DispChg: 175
PnAve: 4.74613  DlAve: 4.71506
5233      5646 4499 4836 3922 4099 4244 4275 4168 7194 4356 4512 4464 4322 
4099 5595      5829 5461 4607 4123 4321 4350 4237 7290 4430 4587 4541 4402 
4364 6886 5801      6495 5514 4961 4604 4672 4572 7616 4745 4903 4862 4719 
5407 4399 4725 5586      6054 5456 4975 4375 4352 7362 4493 4647 4605 4462 
5464 5419 5964 6414 8823      6367 5808 5340 6244 6135 4736 4767 4782 4674 
3756 3779 3646 3748 6519 5662      6624 7731 5890 6277 4945 5004 4978 4884 
3695 3773 3626 3685 5989 4816 5899      7125 6471 6942 4819 5062 5046 4889 
3696 3552 3806 3794 5447 4598 6505 5356      7074 7453 5344 4849 5048 4915 
3345 3593 3595 3659 5428 5046 3988 4629 5045      9269 7179 6727 6141 6039 
3365 3449 3538 3542 6612 3077 3079 3755 4128 4687      6540 5969 5335 5722 
3648 3729 3819 3823 6948 3337 3404 3360 3921 4484 5319      6706 7229 5094 
3369 3454 3548 3549 6627 3052 3136 3143 2963 3329 4792 4629      6374 5012 
3384 3471 3567 3568 6610 3074 3158 3161 3026 2816 3982 3414 4582      6078 

Level: 4  Iter: 1  TotChg: 6418.73  MaxChg: 131.28  DispChg: 182
PnAve: 4.77149  DlAve: 4.75658
5246      5672 4527 4862 3946 4109 4276 4325 4208 7246 4385 4545 4488 4321 
4135 5634      5853 5498 4630 4127 4349 4394 4263 7348 4454 4616 4561 4397 
4417 6922 5851      6523 5559 4969 4633 4703 4595 7676 4767 4932 4883 4714 
5426 4456 4805 5619      6078 5491 5004 4407 4384 7410 4521 4666 4619 4454 
5469 5436 5991 6478 8881      6399 5890 5398 6276 6172 4742 4783 4792 4658 
3785 3830 3686 3810 6589 5703      6699 7811 5979 6327 4981 5037 5004 4902 
3728 3809 3658 3724 6027 4900 5959      7194 6561 7007 4861 5106 5081 4924 
3705 3574 3829 3827 5473 4661 6559 5403      7126 7553 5408 4881 5089 4921 
3335 3612 3631 3678 5447 5078 4038 4697 5069      9326 7310 6784 6154 6049 
3364 3483 3574 3577 6646 3115 3101 3812 4203 4709      6564 6032 5384 5727 
3644 3760 3852 3849 6990 3366 3435 3384 3945 4552 5341      6735 7277 5128 
3379 3489 3585 3584 6668 3068 3165 3162 2967 3345 4842 4646      6398 5038 
3406 3516 3614 3614 6654 3105 3197 3190 3039 2837 4024 3457 4605      6067 

Level: 4  Iter: 2  TotChg: 3174.98  MaxChg: 71.64  DispChg: 181
PnAve: 4.78210  DlAve: 4.77750
5252      5685 4538 4873 3959 4117 4298 4355 4229 7273 4394 4561 4502 4319 
4152 5653      5865 5517 4638 4131 4367 4419 4277 7377 4461 4629 4571 4392 
4443 6943 5876      6535 5578 4974 4649 4720 4607 7705 4772 4944 4892 4707 
5437 4484 4842 5636      6091 5509 5020 4427 4402 7433 4530 4677 4625 4448 
5473 5442 6005 6509 8913      6421 5940 5435 6297 6192 4747 4793 4800 4652 
3794 3853 3704 3839 6621 5722      6744 7860 6029 6355 5000 5057 5022 4915 
3737 3819 3667 3736 6039 4930 5976      7232 6612 7045 4882 5133 5105 4944 
3706 3580 3836 3840 5484 4686 6577 5419      7155 7606 5439 4900 5115 4929 
3329 3624 3648 3685 5459 5092 4054 4726 5079      9355 7382 6812 6162 6052 
3364 3497 3591 3595 6665 3132 3106 3840 4238 4719      6574 6062 5406 5725 
3645 3776 3870 3864 7013 3381 3444 3393 3959 4591 5354      6749 7296 5144 
3384 3505 3604 3604 6691 3078 3175 3169 2969 3355 4870 4656      6410 5049 
3415 3537 3638 3638 6677 3120 3209 3201 3046 2848 4047 3479 4617      6062 

Level: 4  Iter: 3  TotChg: 1530.17  MaxChg: 39.18  DispChg: 174
PnAve: 4.78746  DlAve: 4.78705
5255      5695 4543 4879 3967 4121 4308 4368 4239 7288 4401 4570 4512 4319 
4162 5662      5872 5528 4642 4133 4375 4432 4283 7393 4465 4638 4578 4392 
4456 6957 5890      6543 5587 4976 4657 4729 4612 7722 4776 4952 4899 4706 
5445 4499 4859 5644      6098 5516 5027 4436 4410 7446 4535 4683 4630 4448 
5476 5444 6011 6524 8929      6432 5963 5453 6306 6202 4749 4799 4806 4650 
3798 3863 3713 3853 6636 5732      6765 7882 6050 6360 5011 5069 5032 4920 
3737 3819 3668 3739 6041 4939 5979      7249 6636 7065 4895 5147 5117 4953 
3703 3581 3839 3844 5488 4696 6581 5423      7168 7633 5456 4910 5127 4932 
3328 3630 3657 3688 5467 5100 4056 4738 5083      9372 7421 6830 6168 6054 
3364 3503 3600 3606 6674 3141 3104 3854 4253 4722      6581 6079 5420 5726 
3647 3783 3877 3874 7025 3388 3445 3395 3966 4612 5360      6758 7309 5153 
3387 3512 3614 3615 6701 3082 3175 3170 2969 3357 4882 4659      6420 5057 
3418 3546 3649 3652 6688 3127 3210 3205 3049 2852 4058 3489 4621      6060 

Level: 4  Iter: 4  TotChg: 785.58  MaxChg: 21.21  DispChg: 175
PnAve: 4.78943  DlAve: 4.79058
5258      5701 4547 4883 3972 4124 4312 4375 4244 7296 4408 4574 4517 4323 
4167 5667      5876 5535 4644 4134 4378 4439 4286 7401 4470 4640 4582 4395 
4463 6965 5896      6548 5592 4978 4659 4733 4615 7730 4782 4954 4903 4709 
5451 4507 4868 5649      6102 5520 5029 4440 4414 7452 4540 4685 4633 4450 
5479 5439 6014 6532 8938      6437 5972 5461 6309 6208 4750 4801 4810 4650 
3798 3866 3716 3860 6643 5736      6773 7890 6060 6359 5015 5074 5036 4923 
3735 3816 3665 3740 6040 4939 5974      7257 6641 7074 4903 5153 5122 4957 
3700 3578 3837 3843 5487 4696 6577 5419      7174 7649 5464 4914 5131 4934 
3327 3631 3660 3690 5470 5102 4053 4739 5084      9380 7442 6839 6169 6056 
3365 3505 3602 3611 6678 3145 3101 3856 4259 4722      6586 6085 5428 5729 
3650 3787 3880 3881 7031 3392 3443 3394 3970 4623 5364      6761 7317 5157 
3390 3516 3618 3622 6707 3083 3172 3167 2969 3359 4890 4661      6423 5062 
3421 3551 3654 3659 6694 3129 3208 3203 3049 2853 4064 3494 4624      6062 

Level: 4  Iter: 5  TotChg: 551.89  MaxChg: 12.88  DispChg: 166
PnAve: 4.79179  DlAve: 4.79351
5259      5708 4553 4889 3977 4126 4312 4376 4245 7302 4415 4581 4524 4329 
4172 5670      5882 5542 4649 4135 4377 4440 4286 7408 4478 4647 4588 4400 
4467 6970 5900      6553 5597 4980 4657 4733 4615 7737 4789 4961 4909 4714 
5454 4512 4872 5651      6106 5522 5027 4440 4413 7458 4547 4690 4638 4454 
5480 5437 6015 6537 8942      6438 5968 5460 6308 6213 4750 4808 4812 4652 
3797 3868 3718 3864 6646 5738      6769 7886 6056 6355 5018 5077 5035 4922 
3731 3809 3663 3739 6038 4938 5971      7255 6636 7078 4905 5156 5122 4955 
3697 3575 3835 3842 5487 4695 6575 5416      7172 7653 5465 4917 5129 4933 
3327 3631 3662 3691 5473 5104 4051 4739 5085      9387 7455 6846 6171 6058 
3365 3505 3604 3614 6680 3146 3097 3857 4262 4722      6589 6091 5433 5734 
3651 3788 3882 3884 7034 3395 3440 3392 3972 4630 5365      6768 7329 5164 
3391 3518 3620 3625 6709 3084 3170 3165 2969 3359 4894 4662      6426 5067 
3422 3553 3657 3663 6697 3131 3206 3202 3050 2854 4067 3497 4625      6065 

Level: 4  Iter: 6  TotChg: 361.15  MaxChg: 9.07  DispChg: 142
PnAve: 4.79414  DlAve: 4.79508
5260      5713 4558 4892 3980 4127 4310 4376 4245 7306 4420 4587 4529 4333 
4175 5672      5887 5546 4653 4136 4376 4440 4286 7412 4483 4653 4594 4404 
4468 6972 5901      6555 5600 4981 4655 4732 4614 7740 4793 4966 4913 4718 
5455 4513 4875 5653      6108 5524 5024 4439 4412 7461 4551 4695 4642 4457 
5480 5436 6016 6539 8944      6438 5963 5457 6305 6216 4750 4812 4815 4653 
3796 3869 3718 3865 6647 5737      6763 7881 6051 6362 5019 5078 5035 4921 
3730 3808 3663 3738 6038 4939 5970      7252 6632 7079 4906 5158 5122 4953 
3697 3575 3835 3843 5487 4696 6575 5416      7169 7654 5466 4918 5127 4932 
3327 3632 3663 3692 5473 5104 4050 4740 5085      9391 7460 6851 6173 6060 
3365 3506 3604 3616 6680 3146 3097 3857 4264 4722      6591 6096 5438 5737 
3651 3790 3883 3885 7036 3395 3440 3392 3973 4634 5366      6773 7338 5169 
3392 3519 3621 3627 6711 3084 3169 3165 2969 3359 4896 4663      6430 5071 
3423 3555 3658 3665 6699 3131 3206 3202 3051 2855 4069 3498 4626      6067 

Level: 4  Iter: 7  TotChg: 340.14  MaxChg: 7.38  DispChg: 141
PnAve: 4.79480  DlAve: 4.79470
5260      5717 4563 4896 3984 4127 4309 4376 4244 7310 4423 4590 4532 4335 
4176 5672      5889 5548 4658 4136 4374 4437 4285 7416 4485 4655 4596 4406 
4469 6972 5901      6557 5603 4980 4653 4730 4613 7743 4796 4969 4916 4720 
5454 4512 4875 5652      6111 5525 5022 4439 4411 7465 4554 4698 4645 4459 
5481 5437 6016 6539 8945      6435 5957 5452 6302 6217 4750 4813 4814 4652 
3797 3869 3718 3865 6647 5738      6756 7876 6043 6355 5017 5078 5031 4918 
3731 3808 3663 3738 6039 4941 5972      7249 6628 7079 4905 5157 5121 4950 
3699 3576 3836 3844 5488 4698 6578 5418      7164 7654 5464 4917 5123 4928 
3327 3632 3663 3692 5475 5105 4053 4744 5087      9395 7464 6853 6174 6061 
3366 3508 3606 3618 6683 3149 3099 3861 4268 4725      6590 6096 5439 5740 
3650 3790 3882 3885 7036 3395 3441 3393 3978 4633 5366      6774 7343 5171 
3389 3517 3619 3624 6709 3082 3167 3163 2967 3359 4896 4659      6433 5073 
3422 3555 3658 3665 6699 3131 3206 3203 3051 2856 4063 3495 4625      6068 

Level: 4  Iter: 8  TotChg: 158.99  MaxChg: 5.31  DispChg: 123
PnAve: 4.79624  DlAve: 4.79628
5260      5717 4563 4897 3985 4128 4309 4377 4245 7311 4424 4590 4532 4336 
4176 5672      5890 5550 4659 4137 4374 4439 4286 7416 4486 4656 4596 4407 
4469 6971 5901      6559 5604 4983 4653 4732 4614 7748 4797 4970 4916 4721 
5454 4512 4875 5652      6111 5526 5023 4440 4412 7465 4555 4699 4645 4460 
5481 5437 6015 6538 8944      6438 5958 5454 6303 6218 4752 4815 4815 4653 
3798 3870 3719 3866 6648 5740      6755 7877 6044 6353 5017 5079 5030 4918 
3733 3810 3665 3740 6040 4945 5976      7250 6630 7080 4906 5158 5121 4951 
3700 3577 3837 3844 5488 4700 6581 5420      7165 7654 5465 4918 5123 4929 
3327 3632 3663 3692 5475 5106 4056 4744 5088      9395 7464 6853 6174 6061 
3365 3507 3606 3617 6681 3149 3100 3862 4269 4725      6588 6098 5439 5740 
3649 3789 3882 3885 7035 3396 3442 3393 3975 4634 5364      6775 7343 5172 
3390 3517 3620 3625 6709 3084 3169 3164 2968 3358 4894 4660      6432 5073 
3421 3555 3658 3665 6698 3132 3208 3204 3051 2855 4065 3496 4624      6068 

Level: 4  Iter: 9  TotChg: 169.81  MaxChg: 9.02  DispChg: 119
PnAve: 4.79751  DlAve: 4.79739
5260      5716 4562 4896 3983 4129 4310 4377 4248 7310 4424 4590 4532 4335 
4176 5673      5890 5549 4657 4138 4375 4440 4286 7416 4486 4656 4596 4407 
4469 6970 5902      6558 5603 4983 4654 4732 4614 7750 4797 4969 4916 4721 
5453 4512 4876 5653      6110 5527 5024 4440 4413 7465 4554 4698 4645 4460 
5481 5437 6014 6540 8943      6440 5960 5457 6305 6219 4753 4816 4816 4655 
3799 3872 3720 3867 6648 5741      6758 7879 6047 6362 5019 5081 5031 4920 
3734 3812 3666 3741 6042 4947 5979      7252 6632 7081 4907 5159 5123 4952 
3702 3578 3837 3845 5488 4701 6584 5421      7168 7655 5467 4919 5125 4931 
3328 3633 3664 3693 5475 5108 4058 4744 5089      9394 7464 6853 6174 6061 
3365 3507 3606 3617 6680 3150 3101 3863 4269 4725      6589 6098 5439 5740 
3649 3789 3882 3884 7035 3397 3443 3394 3974 4635 5365      6776 7343 5172 
3390 3518 3621 3625 6709 3085 3171 3165 2969 3359 4894 4661      6433 5073 
3421 3555 3658 3665 6698 3133 3209 3205 3052 2855 4066 3496 4625      6069 

Level: 4  Iter: 10  TotChg: 115.29  MaxChg: 5.59  DispChg: 84
PnAve: 4.79656  DlAve: 4.79652
5261      5716 4559 4894 3983 4129 4311 4378 4248 7309 4424 4590 4532 4336 
4176 5672      5888 5549 4653 4138 4375 4440 4286 7414 4486 4655 4595 4406 
4469 6971 5902      6556 5600 4982 4653 4731 4613 7749 4795 4968 4915 4719 
5453 4512 4876 5652      6107 5524 5024 4440 4413 7463 4553 4697 4644 4459 
5481 5437 6014 6539 8943      6441 5962 5458 6306 6219 4753 4817 4817 4655 
3799 3871 3720 3866 6648 5741      6759 7880 6050 6356 5020 5082 5032 4921 
3734 3812 3666 3741 6042 4946 5979      7253 6634 7081 4908 5160 5124 4953 
3700 3578 3837 3845 5488 4701 6583 5421      7169 7656 5467 4920 5126 4932 
3327 3633 3664 3693 5475 5107 4058 4744 5088      9393 7464 6853 6174 6060 
3365 3507 3606 3617 6681 3150 3101 3863 4269 4725      6588 6098 5440 5739 
3649 3789 3882 3885 7035 3396 3438 3394 3973 4636 5365      6776 7343 5172 
3390 3518 3621 3626 6709 3085 3171 3165 2969 3359 4894 4661      6433 5073 
3421 3555 3658 3665 6698 3132 3208 3205 3051 2855 4066 3496 4624      6069 

Level: 4  Iter: 11  TotChg: 114.83  MaxChg: 4.94  DispChg: 73
PnAve: 4.79691  DlAve: 4.79720
5260      5717 4559 4894 3984 4130 4312 4379 4248 7310 4425 4590 4533 4336 
4176 5672      5889 5549 4653 4138 4376 4439 4287 7415 4486 4655 4595 4406 
4469 6971 5902      6556 5600 4982 4652 4731 4613 7750 4795 4968 4915 4719 
5453 4512 4876 5652      6109 5524 5024 4441 4413 7463 4554 4697 4644 4459 
5482 5437 6014 6539 8944      6441 5963 5459 6306 6219 4753 4817 4817 4655 
3799 3871 3719 3866 6648 5741      6760 7881 6050 6354 5020 5083 5032 4921 
3734 3812 3666 3741 6042 4946 5979      7254 6635 7082 4908 5160 5124 4953 
3701 3578 3837 3845 5489 4702 6583 5422      7170 7656 5467 4920 5126 4932 
3327 3633 3664 3693 5475 5108 4059 4747 5089      9393 7464 6853 6174 6060 
3367 3510 3608 3619 6683 3152 3103 3866 4272 4727      6589 6098 5440 5739 
3649 3789 3882 3885 7035 3397 3436 3394 3978 4635 5365      6776 7343 5172 
3388 3516 3619 3624 6708 3083 3169 3163 2967 3359 4895 4658      6433 5073 
3421 3554 3657 3665 6698 3132 3208 3204 3051 2857 4061 3494 4623      6069 

Level: 4  Iter: 12  TotChg: 92.59  MaxChg: 8.52  DispChg: 75
PnAve: 4.79680  DlAve: 4.79682
5260      5717 4558 4894 3984 4130 4312 4379 4248 7310 4425 4590 4532 4336 
4176 5673      5888 5549 4652 4138 4376 4440 4286 7414 4485 4655 4595 4406 
4468 6971 5901      6556 5600 4982 4652 4732 4613 7750 4795 4968 4914 4719 
5453 4512 4876 5652      6108 5524 5024 4441 4413 7463 4554 4697 4644 4459 
5481 5437 6014 6539 8944      6441 5963 5459 6307 6219 4753 4817 4817 4656 
3798 3871 3719 3867 6647 5740      6760 7882 6050 6362 5020 5083 5032 4922 
3734 3811 3666 3740 6041 4946 5979      7254 6635 7082 4908 5160 5124 4954 
3700 3577 3836 3844 5488 4700 6582 5420      7170 7656 5467 4921 5126 4932 
3327 3633 3663 3693 5475 5107 4058 4745 5088      9393 7464 6853 6173 6060 
3366 3508 3607 3618 6683 3151 3102 3864 4271 4727      6588 6098 5439 5739 
3649 3789 3882 3885 7036 3397 3435 3394 3976 4637 5366      6776 7342 5172 
3389 3518 3620 3625 6709 3084 3170 3165 2968 3360 4895 4660      6433 5073 
3421 3555 3658 3665 6698 3132 3208 3204 3051 2857 4065 3496 4624      6069 

Level: 4  Iter: 13  TotChg: 88.88  MaxChg: 5.20  DispChg: 80
PnAve: 4.79630  DlAve: 4.79690
5260      5717 4559 4895 3985 4131 4313 4379 4248 7310 4425 4590 4532 4336 
4176 5672      5889 5550 4653 4138 4376 4441 4287 7415 4486 4655 4595 4406 
4469 6971 5901      6557 5600 4983 4652 4732 4614 7751 4796 4968 4914 4720 
5454 4512 4876 5652      6110 5524 5025 4441 4413 7464 4554 4697 4644 4459 
5481 5437 6014 6539 8944      6442 5964 5459 6307 6220 4754 4817 4817 4656 
3798 3870 3718 3866 6647 5739      6760 7882 6050 6357 5020 5083 5032 4922 
3733 3810 3665 3740 6041 4945 5978      7254 6635 7082 4908 5160 5124 4954 
3700 3577 3836 3844 5488 4700 6581 5419      7170 7656 5467 4920 5126 4932 
3327 3632 3663 3693 5474 5106 4057 4743 5087      9394 7464 6853 6174 6061 
3365 3509 3606 3617 6682 3150 3101 3863 4269 4725      6588 6098 5439 5740 
3649 3789 3882 3885 7036 3396 3434 3393 3975 4637 5366      6775 7342 5172 
3390 3518 3620 3626 6710 3084 3170 3165 2969 3359 4895 4661      6432 5072 
3421 3554 3658 3665 6698 3131 3207 3203 3051 2855 4067 3496 4624      6069 

Level: 4  Iter: 14  TotChg: 60.08  MaxChg: 3.02  DispChg: 60
PnAve: 4.79613  DlAve: 4.79620
5260      5717 4559 4894 3984 4130 4312 4379 4248 7310 4425 4591 4533 4336 
4175 5672      5889 5550 4652 4138 4376 4440 4287 7415 4486 4655 4595 4406 
4469 6971 5901      6556 5599 4982 4652 4731 4614 7750 4795 4968 4915 4719 
5454 4511 4875 5652      6108 5524 5024 4440 4413 7463 4554 4697 4644 4459 
5481 5436 6014 6539 8944      6441 5964 5458 6306 6220 4753 4817 4817 4656 
3798 3870 3718 3866 6647 5739      6760 7881 6050 6354 5020 5083 5032 4922 
3733 3810 3665 3740 6041 4944 5977      7253 6634 7082 4908 5160 5124 4953 
3699 3576 3835 3843 5488 4699 6581 5419      7170 7656 5467 4921 5126 4932 
3326 3632 3662 3692 5474 5106 4057 4743 5087      9394 7464 6853 6174 6061 
3365 3507 3605 3617 6681 3149 3100 3862 4269 4724      6588 6098 5439 5740 
3649 3789 3882 3885 7036 3396 3433 3393 3974 4637 5366      6776 7343 5172 
3390 3518 3621 3626 6710 3084 3170 3165 2969 3359 4895 4661      6433 5073 
3421 3554 3658 3665 6698 3131 3207 3203 3050 2855 4067 3497 4624      6069 

Level: 4  Iter: 15  TotChg: 120.99  MaxChg: 8.54  DispChg: 86
PnAve: 4.79732  DlAve: 4.79716
5260      5718 4560 4895 3985 4131 4313 4379 4248 7311 4425 4591 4533 4337 
4176 5673      5889 5550 4653 4138 4376 4439 4287 7416 4486 4655 4596 4406 
4468 6971 5901      6556 5600 4983 4652 4732 4614 7750 4795 4968 4915 4719 
5454 4512 4876 5652      6109 5524 5024 4442 4413 7464 4554 4697 4645 4459 
5481 5437 6015 6539 8945      6441 5965 5459 6307 6220 4754 4817 4817 4656 
3798 3870 3718 3866 6647 5739      6760 7881 6050 6363 5021 5083 5032 4922 
3733 3811 3665 3740 6041 4945 5977      7253 6634 7082 4908 5160 5124 4953 
3700 3577 3836 3844 5489 4700 6581 5420      7170 7656 5468 4921 5126 4932 
3327 3633 3663 3693 5475 5106 4057 4746 5088      9394 7464 6853 6174 6061 
3366 3511 3608 3619 6684 3151 3102 3865 4272 4727      6588 6098 5440 5740 
3649 3790 3882 3885 7037 3396 3434 3394 3979 4636 5366      6775 7343 5172 
3388 3517 3619 3624 6709 3083 3169 3164 2967 3360 4896 4659      6433 5073 
3421 3555 3658 3665 6698 3131 3207 3204 3051 2857 4063 3495 4624      6069 

Level: 4  Iter: 16  Restart...
5260      5718 4560 4895 3985 4131 4313 4379 4248 7311 4425 4591 4533 4337 
4176 5673      5889 5550 4653 4138 4376 4439 4287 7416 4486 4655 4596 4406 
4468 6971 5901      6556 5600 4983 4652 4732 4614 7750 4795 4968 4915 4719 
5454 4512 4876 5652      6109 5524 5024 4442 4413 7464 4554 4697 4645 4459 
5481 5437 6015 6539 8945      6441 5965 5459 6307 6220 4754 4817 4817 4656 
3798 3870 3718 3866 6647 5739      6760 7881 6050 6363 5021 5083 5032 4922 
3733 3811 3665 3740 6041 4945 5977      7253 6634 7082 4908 5160 5124 4953 
3700 3577 3836 3844 5489 4700 6581 5420      7170 7656 5468 4921 5126 4932 
3327 3633 3663 3693 5475 5106 4057 4746 5088      9394 7464 6853 6174 6061 
3366 3511 3608 3619 6684 3151 3102 3865 4272 4727      6588 6098 5440 5740 
3649 3790 3882 3885 7037 3396 3434 3394 3979 4636 5366      6775 7343 5172 
3388 3517 3619 3624 6709 3083 3169 3164 2967 3360 4896 4659      6433 5073 
3421 3555 3658 3665 6698 3131 3207 3204 3051 2857 4063 3495 4624      6069 

Level: 4  Iter: 16  TotChg: 85.20  MaxChg: 5.93  DispChg: 72
PnAve: 4.79676  DlAve: 4.79673
5260      5718 4560 4895 3985 4131 4312 4379 4248 7311 4425 4591 4533 4337 
4176 5672      5889 5550 4653 4138 4376 4440 4287 7415 4486 4655 4595 4406 
4469 6971 5901      6557 5601 4983 4652 4732 4614 7751 4796 4968 4915 4720 
5454 4512 4876 5652      6110 5525 5024 4441 4413 7464 4554 4698 4645 4460 
5482 5437 6015 6539 8945      6441 5964 5459 6306 6220 4753 4817 4817 4656 
3798 3870 3718 3866 6647 5739      6759 7881 6049 6357 5020 5082 5031 4921 
3733 3811 3665 3740 6041 4946 5978      7254 6634 7082 4908 5160 5123 4953 
3701 3577 3836 3844 5489 4700 6582 5421      7169 7656 5467 4920 5125 4932 
3326 3632 3663 3693 5475 5106 4057 4745 5088      9394 7464 6853 6174 6061 
3365 3508 3606 3618 6682 3150 3101 3864 4270 4726      6588 6098 5439 5740 
3649 3789 3882 3885 7036 3396 3433 3394 3976 4636 5366      6775 7343 5172 
3389 3517 3620 3625 6709 3084 3170 3165 2968 3359 4895 4660      6432 5073 
3421 3554 3658 3665 6698 3131 3207 3204 3050 2856 4065 3496 4624      6069 

Level: 4  Iter: 17  Restart...
5260      5718 4560 4895 3985 4131 4312 4379 4248 7311 4425 4591 4533 4337 
4176 5672      5889 5550 4653 4138 4376 4440 4287 7415 4486 4655 4595 4406 
4469 6971 5901      6557 5601 4983 4652 4732 4614 7751 4796 4968 4915 4720 
5454 4512 4876 5652      6110 5525 5024 4441 4413 7464 4554 4698 4645 4460 
5482 5437 6015 6539 8945      6441 5964 5459 6306 6220 4753 4817 4817 4656 
3798 3870 3718 3866 6647 5739      6759 7881 6049 6357 5020 5082 5031 4921 
3733 3811 3665 3740 6041 4946 5978      7254 6634 7082 4908 5160 5123 4953 
3701 3577 3836 3844 5489 4700 6582 5421      7169 7656 5467 4920 5125 4932 
3326 3632 3663 3693 5475 5106 4057 4745 5088      9394 7464 6853 6174 6061 
3365 3508 3606 3618 6682 3150 3101 3864 4270 4726      6588 6098 5439 5740 
3649 3789 3882 3885 7036 3396 3433 3394 3976 4636 5366      6775 7343 5172 
3389 3517 3620 3625 6709 3084 3170 3165 2968 3359 4895 4660      6432 5073 
3421 3554 3658 3665 6698 3131 3207 3204 3050 2856 4065 3496 4624      6069 

Level: 4  Iter: 17  TotChg: 45.96  MaxChg: 2.60  DispChg: 41
PnAve: 4.79679  DlAve: 4.79685
5260      5718 4560 4895 3985 4131 4313 4379 4248 7311 4425 4591 4532 4337 
4176 5672      5889 5551 4653 4138 4376 4441 4287 7415 4486 4655 4595 4406 
4469 6971 5901      6557 5601 4983 4652 4732 4614 7751 4796 4968 4914 4720 
5454 4512 4875 5652      6109 5524 5025 4441 4413 7464 4554 4697 4644 4460 
5482 5437 6015 6539 8945      6441 5965 5459 6307 6220 4753 4817 4817 4656 
3798 3870 3718 3866 6647 5739      6760 7881 6050 6354 5020 5082 5031 4921 
3733 3811 3665 3740 6041 4945 5978      7254 6635 7082 4908 5160 5124 4953 
3701 3577 3836 3845 5489 4701 6582 5421      7169 7656 5467 4920 5126 4932 
3326 3632 3662 3692 5475 5106 4057 4744 5087      9394 7464 6853 6174 6061 
3365 3509 3606 3617 6682 3149 3101 3863 4269 4724      6588 6098 5439 5740 
3649 3789 3882 3885 7036 3396 3433 3394 3974 4636 5366      6775 7342 5172 
3390 3518 3620 3626 6710 3084 3170 3165 2968 3359 4895 4660      6432 5072 
3421 3554 3658 3665 6698 3131 3207 3204 3050 2855 4066 3496 4624      6069 

Level: 4  Iter: 18  TotChg: 104.12  MaxChg: 8.16  DispChg: 84
PnAve: 4.79611  DlAve: 4.79612
5260      5717 4559 4894 3984 4130 4312 4379 4248 7310 4425 4591 4533 4337 
4176 5672      5889 5550 4652 4138 4376 4440 4286 7415 4486 4655 4595 4406 
4468 6971 5900      6556 5599 4982 4652 4731 4613 7750 4795 4968 4914 4719 
5454 4511 4876 5652      6109 5523 5024 4440 4413 7463 4554 4697 4644 4459 
5481 5437 6015 6539 8945      6441 5964 5459 6306 6219 4753 4817 4817 4656 
3797 3870 3718 3866 6647 5738      6760 7881 6050 6362 5020 5083 5032 4922 
3732 3810 3664 3739 6041 4944 5976      7253 6634 7082 4908 5160 5124 4953 
3699 3577 3836 3844 5489 4699 6580 5420      7170 7656 5467 4921 5126 4932 
3326 3632 3662 3692 5474 5105 4056 4743 5087      9393 7464 6853 6174 6060 
3364 3507 3605 3617 6682 3148 3100 3862 4268 4724      6588 6099 5439 5740 
3649 3789 3882 3885 7037 3396 3433 3394 3974 4636 5366      6776 7343 5172 
3390 3519 3621 3626 6711 3084 3170 3165 2969 3359 4896 4662      6433 5073 
3421 3555 3658 3665 6699 3131 3207 3204 3050 2855 4068 3498 4625      6069 

Level: 4  Iter: 19  TotChg: 122.09  MaxChg: 5.82  DispChg: 85
PnAve: 4.79627  DlAve: 4.79659
5260      5719 4560 4895 3985 4131 4312 4379 4248 7311 4426 4591 4533 4337 
4175 5672      5889 5550 4653 4138 4376 4439 4287 7415 4486 4656 4596 4406 
4468 6971 5901      6557 5600 4982 4652 4731 4613 7750 4796 4968 4915 4719 
5454 4511 4876 5652      6109 5524 5024 4442 4413 7464 4554 4698 4645 4459 
5481 5437 6014 6539 8944      6441 5963 5458 6306 6219 4753 4817 4817 4656 
3797 3870 3718 3866 6647 5738      6759 7880 6049 6356 5020 5082 5031 4921 
3732 3810 3664 3739 6040 4945 5977      7253 6634 7081 4908 5160 5123 4953 
3699 3576 3836 3844 5488 4699 6580 5419      7169 7656 5467 4920 5126 4932 
3326 3632 3663 3693 5475 5106 4057 4745 5088      9394 7464 6853 6174 6060 
3366 3508 3607 3619 6683 3150 3101 3864 4271 4727      6588 6098 5439 5740 
3649 3789 3882 3885 7036 3396 3433 3393 3978 4636 5366      6776 7343 5172 
3388 3516 3619 3624 6709 3082 3169 3163 2967 3359 4896 4659      6433 5073 
3421 3554 3657 3665 6698 3131 3206 3203 3050 2856 4063 3495 4624      6069 

Level: 4  Iter: 20  TotChg: 82.11  MaxChg: 2.47  DispChg: 79
PnAve: 4.79689  DlAve: 4.79686
5260      5718 4560 4895 3985 4131 4313 4379 4248 7311 4425 4591 4533 4337 
4176 5672      5889 5551 4653 4138 4376 4440 4287 7415 4486 4655 4595 4406 
4469 6971 5901      6557 5601 4983 4652 4732 4614 7751 4796 4968 4915 4720 
5454 4511 4875 5652      6109 5524 5025 4441 4413 7464 4554 4697 4644 4460 
5482 5437 6014 6539 8944      6442 5965 5459 6307 6220 4753 4817 4817 4656 
3798 3870 3718 3866 6647 5739      6760 7881 6050 6354 5020 5082 5031 4922 
3733 3810 3665 3740 6041 4945 5977      7254 6635 7082 4908 5160 5124 4954 
3700 3577 3836 3844 5489 4700 6581 5420      7170 7656 5468 4920 5126 4932 
3326 3632 3662 3692 5475 5106 4057 4745 5087      9394 7464 6853 6174 6061 
3365 3509 3606 3618 6682 3150 3101 3863 4270 4725      6588 6098 5439 5740 
3649 3789 3882 3885 7036 3396 3433 3393 3976 4636 5366      6775 7342 5172 
3389 3517 3620 3625 6709 3083 3169 3164 2968 3359 4895 4660      6433 5073 
3421 3554 3657 3665 6698 3131 3206 3204 3050 2855 4065 3496 4624      6069 

Level: 4  Iter: 21  TotChg: 85.50  MaxChg: 8.37  DispChg: 72
PnAve: 4.79624  DlAve: 4.79618
5260      5718 4559 4895 3985 4131 4312 4379 4248 7310 4425 4591 4532 4336 
4176 5672      5889 5550 4652 4138 4376 4441 4287 7415 4486 4655 4595 4406 
4468 6971 5900      6557 5600 4983 4652 4732 4614 7751 4795 4968 4914 4719 
5454 4511 4876 5652      6110 5524 5024 4441 4413 7464 4554 4697 4644 4459 
5481 5437 6015 6539 8945      6441 5964 5459 6307 6220 4753 4817 4817 4656 
3797 3870 3718 3866 6647 5738      6760 7881 6050 6362 5020 5083 5031 4922 
3732 3810 3664 3739 6041 4944 5976      7254 6635 7082 4908 5160 5124 4953 
3700 3577 3836 3844 5489 4699 6580 5419      7169 7656 5467 4920 5126 4932 
3326 3632 3662 3692 5474 5105 4056 4743 5087      9394 7464 6853 6174 6060 
3364 3507 3605 3617 6682 3148 3100 3862 4269 4724      6588 6098 5439 5740 
3649 3789 3882 3885 7037 3396 3433 3393 3974 4636 5366      6775 7342 5172 
3390 3518 3621 3626 6711 3084 3170 3165 2968 3359 4896 4661      6432 5073 
3421 3555 3658 3665 6699 3131 3207 3204 3050 2855 4068 3497 4625      6069 

Level: 4  Iter: 22  TotChg: 68.24  MaxChg: 6.00  DispChg: 58
PnAve: 4.79624  DlAve: 4.79634
5260      5719 4560 4896 3985 4131 4312 4379 4248 7311 4426 4591 4533 4337 
4175 5672      5889 5550 4653 4138 4376 4441 4287 7416 4486 4656 4595 4406 
4468 6971 5901      6557 5600 4982 4652 4731 4614 7751 4796 4968 4915 4720 
5454 4511 4876 5652      6109 5524 5024 4440 4413 7464 4554 4697 4644 4459 
5481 5437 6014 6539 8944      6441 5963 5458 6306 6220 4753 4817 4816 4656 
3797 3870 3718 3866 6647 5738      6759 7880 6049 6356 5020 5082 5031 4921 
3732 3810 3664 3739 6040 4945 5976      7253 6634 7081 4908 5160 5123 4953 
3699 3576 3835 3843 5488 4699 6580 5419      7169 7656 5467 4920 5125 4932 
3326 3632 3662 3692 5474 5105 4056 4743 5087      9394 7464 6853 6174 6061 
3364 3507 3605 3617 6681 3148 3100 3861 4268 4724      6588 6098 5439 5740 
3649 3789 3882 3885 7036 3396 3433 3393 3974 4636 5366      6776 7343 5172 
3390 3518 3621 3626 6710 3084 3170 3165 2969 3359 4895 4661      6433 5073 
3421 3554 3658 3665 6699 3131 3206 3203 3050 2855 4068 3497 4624      6069 

Level: 4  Iter: 23  TotChg: 114.83  MaxChg: 5.43  DispChg: 80
PnAve: 4.79681  DlAve: 4.79674
5260      5718 4560 4895 3985 4131 4312 4379 4248 7311 4425 4591 4533 4337 
4176 5672      5889 5550 4653 4138 4376 4439 4287 7416 4486 4656 4596 4406 
4469 6971 5901      6556 5600 4982 4652 4732 4614 7750 4795 4968 4915 4719 
5454 4511 4875 5652      6108 5524 5024 4442 4413 7464 4554 4697 4645 4459 
5481 5437 6014 6539 8944      6441 5964 5458 6306 6220 4753 4817 4817 4656 
3798 3870 3718 3866 6647 5739      6760 7881 6049 6354 5020 5082 5032 4921 
3733 3810 3665 3739 6041 4945 5977      7253 6634 7082 4908 5160 5124 4953 
3700 3577 3836 3844 5489 4700 6581 5420      7170 7656 5468 4920 5126 4932 
3327 3632 3663 3693 5475 5106 4057 4746 5088      9394 7464 6853 6174 6061 
3366 3508 3607 3619 6683 3151 3102 3864 4271 4727      6588 6098 5440 5740 
3649 3789 3882 3885 7036 3396 3433 3393 3978 4635 5366      6776 7343 5172 
3388 3516 3619 3624 6708 3082 3169 3163 2967 3359 4896 4658      6433 5073 
3421 3554 3657 3665 6698 3131 3206 3204 3050 2856 4062 3494 4623      6069 

Level: 4  Iter: 24  TotChg: 95.02  MaxChg: 8.62  DispChg: 87
PnAve: 4.79734  DlAve: 4.79704
5260      5718 4559 4895 3985 4131 4313 4379 4248 7310 4425 4591 4533 4337 
4176 5673      5889 5550 4652 4138 4376 4440 4287 7415 4486 4655 4595 4406 
4468 6971 5901      6557 5600 4983 4652 4732 4614 7751 4796 4968 4914 4720 
5454 4512 4876 5652      6109 5524 5025 4441 4413 7464 4554 4697 4644 4460 
5482 5438 6015 6539 8945      6442 5965 5459 6307 6220 4754 4817 4817 4656 
3798 3870 3718 3866 6647 5738      6760 7882 6050 6363 5020 5083 5032 4922 
3733 3811 3665 3740 6041 4945 5977      7254 6635 7082 4908 5160 5124 4954 
3701 3578 3836 3844 5489 4700 6581 5421      7170 7656 5468 4921 5126 4933 
3326 3632 3663 3693 5475 5106 4057 4745 5088      9394 7464 6853 6174 6060 
3365 3510 3606 3618 6682 3150 3101 3864 4270 4726      6588 6098 5439 5740 
3649 3790 3882 3885 7037 3396 3433 3394 3976 4636 5366      6775 7342 5172 
3389 3518 3620 3625 6710 3084 3170 3165 2968 3360 4896 4660      6433 5073 
3421 3555 3658 3665 6699 3131 3207 3204 3051 2856 4066 3496 4624      6069 

Level: 4  Iter: 25  TotChg: 83.28  MaxChg: 5.52  DispChg: 69
PnAve: 4.79580  DlAve: 4.79624
5260      5718 4559 4895 3985 4131 4312 4379 4248 7311 4425 4591 4532 4336 
4176 5672      5889 5550 4653 4138 4376 4441 4287 7415 4486 4655 4595 4406 
4468 6971 5900      6557 5600 4983 4652 4732 4614 7751 4796 4968 4914 4719 
5454 4511 4876 5652      6109 5524 5025 4441 4413 7464 4554 4697 4644 4459 
5481 5437 6014 6539 8945      6442 5964 5459 6307 6220 4754 4817 4817 4656 
3797 3870 3718 3865 6647 5738      6760 7881 6050 6357 5020 5083 5032 4922 
3732 3810 3664 3739 6040 4944 5976      7254 6635 7082 4908 5160 5124 4953 
3700 3577 3836 3844 5489 4699 6580 5419      7170 7656 5467 4920 5126 4932 
3326 3632 3662 3692 5474 5105 4056 4743 5087      9394 7464 6853 6174 6061 
3364 3507 3605 3617 6681 3148 3100 3862 4268 4724      6588 6098 5439 5740 
3649 3789 3882 3885 7036 3396 3432 3393 3974 4636 5366      6775 7342 5172 
3390 3518 3620 3626 6710 3084 3170 3165 2968 3359 4896 4661      6432 5073 
3421 3555 3658 3665 6699 3131 3206 3204 3050 2855 4067 3497 4625      6069 

Level: 4  Iter: 26  TotChg: 63.98  MaxChg: 3.31  DispChg: 62
PnAve: 4.79632  DlAve: 4.79634
5260      5719 4561 4896 3985 4131 4312 4379 4248 7311 4426 4591 4533 4337 
4175 5672      5889 5550 4653 4138 4376 4441 4287 7416 4486 4656 4596 4407 
4469 6971 5901      6557 5600 4983 4652 4731 4614 7751 4796 4968 4915 4720 
5454 4511 4875 5652      6110 5524 5024 4440 4413 7464 4554 4697 4644 4459 
5481 5437 6014 6539 8944      6441 5963 5458 6306 6220 4753 4817 4816 4656 
3797 3870 3718 3865 6647 5738      6759 7880 6049 6354 5020 5082 5031 4921 
3732 3810 3664 3739 6040 4945 5977      7253 6634 7081 4908 5160 5123 4953 
3699 3576 3835 3843 5488 4699 6580 5419      7169 7656 5467 4920 5125 4932 
3326 3631 3662 3692 5474 5105 4056 4743 5087      9394 7464 6853 6174 6061 
3364 3506 3605 3617 6681 3148 3100 3861 4268 4724      6588 6098 5439 5740 
3649 3789 3882 3885 7036 3396 3433 3393 3974 4636 5366      6776 7343 5172 
3390 3518 3621 3626 6710 3084 3170 3165 2968 3359 4895 4661      6433 5073 
3421 3554 3658 3665 6698 3131 3206 3203 3050 2854 4068 3497 4624      6069 

Level: 4  Iter: 27  TotChg: 126.92  MaxChg: 8.70  DispChg: 87
PnAve: 4.79729  DlAve: 4.79696
5260      5718 4560 4895 3985 4131 4312 4379 4248 7311 4425 4591 4533 4337 
4176 5673      5889 5550 4653 4138 4376 4439 4287 7416 4486 4656 4596 4406 
4468 6971 5901      6556 5600 4982 4652 4732 4614 7751 4795 4968 4915 4719 
5454 4511 4876 5652      6109 5524 5024 4442 4413 7464 4554 4697 4645 4459 
5481 5437 6015 6539 8945      6441 5964 5458 6306 6220 4753 4817 4817 4656 
3797 3870 3718 3866 6647 5738      6760 7880 6049 6362 5020 5082 5032 4921 
3733 3811 3665 3740 6041 4945 5977      7253 6634 7082 4908 5160 5124 4953 
3700 3577 3836 3844 5489 4700 6581 5420      7170 7656 5468 4920 5126 4932 
3327 3633 3663 3693 5475 5106 4057 4746 5088      9394 7464 6853 6174 6061 
3366 3509 3607 3619 6683 3151 3102 3865 4272 4727      6588 6098 5440 5740 
3649 3789 3882 3885 7037 3396 3433 3394 3978 4636 5366      6776 7343 5172 
3388 3517 3619 3624 6709 3083 3169 3164 2967 3360 4896 4659      6433 5073 
3421 3555 3658 3665 6699 3131 3207 3204 3051 2857 4063 3495 4624      6069 

Level: 4  Iter: 28  TotChg: 82.85  MaxChg: 5.65  DispChg: 76
PnAve: 4.79693  DlAve: 4.79702
5260      5719 4561 4896 3986 4131 4312 4379 4248 7311 4426 4591 4533 4337 
4176 5672      5889 5551 4654 4139 4376 4440 4287 7416 4486 4655 4595 4406 
4469 6971 5901      6557 5601 4983 4652 4732 4614 7751 4796 4968 4915 4720 
5454 4511 4876 5652      6110 5525 5024 4442 4414 7464 4554 4698 4645 4460 
5482 5437 6015 6539 8945      6441 5964 5459 6306 6220 4753 4817 4816 4656 
3798 3870 3718 3866 6647 5739      6759 7880 6049 6357 5020 5082 5031 4921 
3733 3811 3665 3740 6041 4946 5977      7254 6634 7082 4908 5160 5123 4953 
3701 3577 3836 3844 5489 4700 6581 5421      7169 7656 5467 4920 5125 4932 
3326 3632 3662 3693 5475 5106 4057 4745 5087      9394 7464 6853 6174 6061 
3365 3509 3606 3618 6682 3150 3101 3864 4270 4725      6588 6098 5439 5740 
3649 3789 3882 3885 7036 3396 3433 3394 3976 4636 5366      6775 7342 5172 
3389 3517 3620 3625 6710 3083 3170 3165 2968 3359 4895 4660      6432 5072 
3421 3554 3658 3665 6698 3131 3207 3204 3050 2856 4065 3496 4624      6069 

Level: 4  Iter: 29  TotChg: 54.02  MaxChg: 2.81  DispChg: 46
PnAve: 4.79670  DlAve: 4.79649
5260      5718 4560 4895 3985 4131 4312 4379 4248 7311 4425 4591 4532 4337 
4176 5672      5889 5551 4653 4138 4376 4441 4287 7415 4486 4655 4595 4406 
4469 6971 5901      6557 5601 4983 4652 4732 4614 7751 4796 4968 4914 4720 
5454 4512 4875 5652      6109 5524 5024 4441 4413 7464 4554 4697 4644 4460 
5482 5437 6015 6539 8945      6441 5965 5459 6306 6220 4753 4817 4817 4656 
3798 3870 3718 3866 6647 5739      6760 7881 6049 6354 5020 5082 5031 4921 
3733 3811 3665 3740 6041 4945 5978      7254 6635 7082 4908 5160 5123 4953 
3701 3577 3836 3845 5489 4701 6582 5421      7169 7656 5467 4920 5125 4932 
3326 3632 3662 3692 5475 5106 4057 4744 5087      9394 7464 6853 6174 6060 
3365 3507 3606 3617 6682 3149 3101 3863 4269 4725      6588 6098 5438 5740 
3649 3789 3882 3885 7036 3396 3433 3394 3974 4636 5366      6775 7342 5172 
3390 3518 3620 3626 6710 3084 3170 3165 2968 3359 4895 4660      6432 5072 
3421 3554 3658 3665 6698 3131 3207 3204 3050 2855 4066 3496 4624      6069 

Level: 4  Iter: 30  TotChg: 93.82  MaxChg: 8.34  DispChg: 78
PnAve: 4.79619  DlAve: 4.79635
5260      5718 4559 4895 3985 4131 4312 4379 4248 7310 4425 4591 4533 4337 
4176 5672      5889 5550 4652 4138 4376 4441 4287 7415 4486 4655 4595 4406 
4468 6971 5900      6556 5600 4982 4652 4731 4614 7750 4795 4968 4914 4719 
5454 4511 4876 5652      6109 5523 5024 4440 4413 7463 4554 4697 4644 4459 
5481 5437 6015 6539 8945      6441 5964 5459 6306 6219 4753 4817 4817 4656 
3797 3870 3718 3866 6647 5738      6760 7881 6050 6362 5020 5083 5032 4922 
3732 3810 3664 3739 6041 4944 5976      7253 6634 7082 4908 5160 5124 4953 
3699 3577 3836 3844 5489 4699 6580 5420      7170 7656 5468 4920 5126 4932 
3326 3632 3662 3692 5474 5105 4056 4743 5087      9393 7464 6853 6174 6060 
3364 3507 3605 3617 6681 3148 3100 3861 4268 4724      6588 6099 5439 5740 
3649 3789 3882 3885 7037 3396 3433 3394 3974 4636 5366      6776 7343 5172 
3390 3519 3621 3626 6711 3084 3170 3165 2969 3359 4896 4662      6433 5073 
3421 3555 3658 3665 6699 3131 3207 3204 3050 2855 4068 3498 4625      6069 

Level: 4  Iter: 31  TotChg: 120.52  MaxChg: 5.84  DispChg: 81
PnAve: 4.79631  DlAve: 4.79659
5260      5719 4561 4896 3985 4131 4312 4379 4248 7311 4426 4591 4533 4337 
4175 5672      5889 5550 4653 4138 4376 4439 4287 7415 4486 4656 4596 4406 
4468 6971 5901      6557 5601 4982 4652 4731 4614 7750 4796 4968 4915 4719 
5454 4511 4876 5652      6109 5524 5024 4442 4413 7464 4554 4698 4645 4459 
5481 5437 6014 6539 8944      6441 5963 5458 6306 6219 4753 4817 4817 4656 
3797 3870 3718 3866 6647 5738      6759 7880 6049 6356 5020 5082 5031 4921 
3732 3810 3664 3739 6040 4945 5977      7253 6634 7081 4908 5160 5123 4953 
3699 3576 3836 3844 5488 4699 6580 5419      7169 7656 5467 4920 5126 4932 
3326 3632 3663 3693 5475 5106 4057 4745 5088      9394 7464 6853 6174 6060 
3366 3508 3607 3619 6683 3150 3101 3864 4271 4727      6588 6099 5439 5740 
3649 3789 3882 3885 7036 3396 3433 3393 3978 4636 5366      6776 7343 5172 
3388 3516 3619 3624 6709 3082 3169 3163 2967 3359 4896 4659      6433 5073 
3421 3554 3657 3665 6698 3131 3206 3203 3050 2856 4063 3495 4624      6069 

Level: 4  Iter: 32  TotChg: 81.70  MaxChg: 2.46  DispChg: 81
PnAve: 4.79691  DlAve: 4.79686
5260      5718 4560 4895 3985 4131 4313 4379 4248 7311 4425 4591 4533 4337 
4176 5672      5889 5551 4653 4138 4376 4440 4287 7415 4486 4655 4595 4406 
4469 6971 5901      6557 5601 4983 4652 4732 4614 7751 4796 4968 4915 4720 
5454 4511 4875 5652      6109 5524 5025 4441 4413 7464 4554 4697 4644 4460 
5482 5437 6014 6539 8944      6442 5965 5459 6307 6220 4753 4817 4817 4656 
3798 3870 3718 3866 6647 5739      6760 7881 6050 6354 5020 5082 5031 4922 
3733 3810 3665 3740 6041 4945 5977      7254 6635 7082 4908 5160 5124 4954 
3700 3577 3836 3844 5489 4700 6581 5420      7170 7656 5468 4920 5126 4932 
3326 3632 3662 3692 5475 5106 4057 4744 5087      9394 7464 6853 6174 6061 
3365 3509 3606 3618 6682 3150 3101 3863 4270 4725      6588 6098 5439 5740 
3649 3789 3882 3885 7036 3396 3433 3393 3976 4636 5366      6775 7342 5172 
3389 3517 3620 3625 6709 3083 3169 3164 2968 3359 4895 4660      6433 5073 
3421 3554 3657 3665 6698 3131 3206 3204 3050 2855 4065 3496 4624      6069 

Level: 4  Iter: 33  TotChg: 78.77  MaxChg: 8.20  DispChg: 70
PnAve: 4.79675  DlAve: 4.79647
5260      5718 4559 4895 3985 4131 4312 4379 4248 7310 4425 4591 4533 4336 
4176 5672      5889 5550 4652 4138 4376 4441 4287 7415 4486 4655 4595 4406 
4468 6971 5901      6556 5600 4982 4652 4732 4613 7750 4795 4968 4915 4719 
5454 4511 4876 5652      6109 5524 5024 4441 4413 7463 4554 4697 4644 4459 
5481 5437 6014 6539 8945      6441 5965 5459 6307 6219 4753 4817 4817 4656 
3797 3870 3718 3866 6647 5738      6760 7881 6050 6362 5020 5083 5032 4922 
3733 3810 3665 3739 6041 4945 5977      7254 6635 7082 4908 5160 5124 4953 
3700 3577 3836 3844 5489 4699 6581 5419      7170 7656 5467 4921 5126 4932 
3326 3632 3662 3692 5474 5106 4057 4743 5087      9393 7464 6853 6174 6060 
3365 3508 3606 3617 6682 3149 3101 3862 4269 4725      6588 6099 5439 5739 
3649 3789 3882 3885 7037 3396 3433 3394 3975 4637 5366      6776 7343 5172 
3390 3518 3621 3626 6710 3084 3170 3165 2969 3360 4896 4661      6433 5073 
3421 3555 3658 3665 6699 3131 3207 3204 3050 2855 4068 3497 4625      6069 

Level: 4  Iter: 34  TotChg: 90.39  MaxChg: 5.85  DispChg: 81
PnAve: 4.79584  DlAve: 4.79631
5260      5719 4561 4896 3985 4131 4312 4379 4248 7311 4426 4591 4533 4337 
4175 5672      5889 5550 4653 4138 4376 4441 4287 7416 4486 4655 4596 4407 
4468 6971 5900      6557 5600 4982 4652 4731 4614 7751 4796 4968 4915 4720 
5454 4511 4875 5652      6109 5524 5024 4440 4413 7464 4554 4697 4645 4459 
5481 5437 6014 6539 8945      6441 5963 5458 6306 6220 4753 4817 4817 4656 
3797 3869 3718 3865 6647 5738      6759 7880 6049 6356 5020 5082 5031 4921 
3732 3809 3664 3739 6040 4945 5976      7253 6634 7081 4908 5160 5123 4953 
3698 3576 3835 3843 5488 4699 6579 5419      7169 7656 5467 4920 5126 4932 
3326 3631 3662 3692 5474 5105 4056 4743 5086      9394 7464 6853 6174 6061 
3364 3508 3605 3616 6681 3148 3099 3861 4268 4723      6588 6098 5439 5740 
3649 3789 3882 3885 7036 3396 3432 3393 3974 4636 5366      6775 7343 5172 
3390 3518 3621 3626 6711 3084 3170 3165 2968 3359 4896 4661      6433 5073 
3421 3554 3658 3665 6699 3131 3206 3203 3050 2855 4068 3497 4625      6069 

Level: 4  Iter: 35  TotChg: 118.23  MaxChg: 5.48  DispChg: 82
PnAve: 4.79672  DlAve: 4.79644
5260      5718 4560 4895 3985 4131 4312 4379 4248 7311 4425 4591 4533 4337 
4176 5672      5889 5550 4653 4138 4376 4439 4287 7415 4486 4656 4596 4406 
4469 6971 5901      6556 5600 4982 4652 4731 4613 7750 4795 4968 4915 4719 
5454 4511 4875 5652      6108 5524 5024 4441 4413 7464 4554 4697 4645 4459 
5481 5437 6014 6539 8944      6441 5964 5458 6306 6220 4753 4817 4817 4656 
3798 3870 3718 3865 6647 5739      6760 7881 6049 6354 5020 5082 5032 4921 
3733 3810 3664 3739 6041 4945 5977      7253 6634 7082 4908 5160 5124 4953 
3700 3577 3836 3844 5489 4700 6581 5420      7170 7656 5467 4920 5126 4932 
3326 3632 3663 3693 5475 5106 4057 4746 5088      9394 7464 6853 6174 6060 
3366 3508 3607 3618 6683 3150 3101 3864 4271 4726      6588 6098 5440 5740 
3649 3789 3882 3885 7036 3396 3433 3393 3978 4635 5366      6776 7343 5172 
3388 3516 3619 3624 6708 3082 3169 3163 2967 3359 4896 4658      6433 5073 
3421 3554 3657 3665 6698 3131 3206 3204 3050 2856 4063 3494 4623      6069 

Level: 4  Iter: 36  TotChg: 96.59  MaxChg: 8.31  DispChg: 80
PnAve: 4.79731  DlAve: 4.79702
5260      5719 4560 4896 3986 4131 4312 4379 4248 7311 4426 4591 4533 4337 
4176 5673      5889 5551 4653 4138 4376 4440 4287 7415 4486 4655 4595 4406 
4468 6971 5901      6557 5601 4983 4652 4732 4614 7751 4796 4968 4915 4720 
5454 4511 4876 5652      6110 5524 5024 4441 4413 7464 4554 4698 4645 4460 
5482 5438 6015 6539 8945      6441 5964 5459 6306 6220 4753 4817 4817 4656 
3798 3870 3718 3866 6647 5738      6759 7881 6049 6362 5020 5082 5031 4921 
3733 3811 3665 3740 6041 4946 5977      7254 6635 7082 4908 5160 5123 4953 
3701 3578 3836 3844 5489 4700 6581 5421      7169 7656 5467 4920 5125 4932 
3326 3632 3662 3693 5475 5106 4057 4745 5087      9394 7464 6853 6173 6060 
3365 3510 3606 3618 6683 3150 3101 3864 4270 4725      6588 6098 5439 5740 
3649 3790 3882 3885 7037 3396 3433 3394 3976 4636 5366      6775 7343 5172 
3389 3518 3620 3625 6710 3084 3170 3165 2968 3360 4896 4660      6432 5073 
3421 3555 3658 3665 6699 3131 3207 3204 3051 2856 4066 3496 4625      6069 

Level: 4  Iter: 37  TotChg: 63.35  MaxChg: 5.31  DispChg: 56
PnAve: 4.79626  DlAve: 4.79648
5260      5718 4560 4895 3985 4131 4312 4379 4248 7311 4425 4591 4533 4337 
4176 5672      5889 5550 4653 4138 4376 4441 4287 7415 4486 4655 4595 4406 
4468 6971 5901      6557 5601 4983 4652 4732 4614 7751 4796 4968 4914 4720 
5454 4511 4876 5652      6109 5524 5024 4441 4413 7464 4554 4698 4644 4459 
5481 5437 6014 6539 8944      6441 5965 5459 6306 6220 4753 4817 4817 4656 
3798 3870 3718 3866 6647 5739      6760 7881 6049 6357 5020 5082 5031 4921 
3733 3810 3665 3739 6041 4945 5977      7254 6634 7082 4908 5160 5123 4953 
3700 3577 3836 3844 5488 4700 6581 5420      7169 7656 5467 4920 5126 4932 
3326 3632 3662 3692 5474 5106 4057 4744 5087      9394 7464 6853 6174 6060 
3365 3507 3606 3617 6682 3149 3100 3862 4269 4725      6588 6098 5439 5740 
3649 3789 3882 3885 7036 3396 3433 3393 3974 4636 5366      6775 7342 5172 
3390 3518 3620 3626 6710 3084 3170 3165 2968 3359 4895 4661      6432 5073 
3421 3554 3658 3665 6698 3131 3207 3204 3050 2855 4067 3497 4624      6069 

Level: 4  Iter: 38  TotChg: 59.47  MaxChg: 2.71  DispChg: 52
PnAve: 4.79630  DlAve: 4.79649
5260      5718 4560 4895 3985 4131 4312 4379 4248 7311 4425 4591 4533 4337 
4176 5672      5889 5550 4653 4138 4376 4441 4287 7416 4486 4655 4595 4406 
4469 6971 5901      6557 5600 4983 4652 4732 4614 7751 4796 4968 4915 4720 
5454 4511 4875 5652      6108 5524 5024 4440 4413 7464 4554 4697 4644 4459 
5481 5437 6015 6539 8945      6441 5964 5458 6306 6220 4753 4817 4817 4656 
3797 3870 3718 3865 6647 5738      6760 7881 6050 6354 5020 5082 5032 4922 
3733 3810 3664 3739 6041 4944 5976      7253 6634 7082 4908 5160 5124 4953 
3699 3577 3836 3844 5489 4700 6580 5420      7170 7656 5468 4920 5126 4932 
3326 3632 3662 3692 5474 5105 4056 4744 5087      9394 7464 6853 6174 6061 
3364 3508 3605 3616 6681 3148 3100 3861 4268 4723      6588 6098 5439 5740 
3649 3789 3882 3885 7036 3396 3432 3394 3973 4636 5366      6775 7343 5172 
3390 3518 3621 3626 6710 3084 3170 3165 2968 3358 4895 4661      6433 5073 
3421 3555 3658 3665 6699 3131 3206 3204 3050 2854 4067 3497 4624      6069 

Level: 4  Iter: 39  TotChg: 125.32  MaxChg: 8.20  DispChg: 89
PnAve: 4.79714  DlAve: 4.79663
5260      5717 4559 4894 3985 4131 4312 4379 4248 7310 4425 4591 4533 4336 
4176 5673      5889 5550 4652 4138 4376 4439 4287 7415 4486 4655 4595 4406 
4468 6971 5901      6556 5600 4982 4652 4731 4613 7750 4795 4968 4915 4719 
5454 4511 4876 5652      6109 5523 5024 4441 4413 7463 4554 4697 4644 4459 
5482 5438 6015 6539 8945      6441 5964 5459 6306 6219 4753 4817 4817 4656 
3797 3870 3718 3866 6647 5738      6760 7881 6050 6362 5020 5083 5032 4922 
3733 3811 3665 3740 6041 4945 5977      7254 6635 7082 4908 5160 5124 4953 
3700 3578 3836 3845 5489 4700 6581 5421      7170 7656 5467 4921 5126 4932 
3327 3633 3663 3693 5475 5106 4057 4746 5088      9393 7464 6853 6174 6060 
3366 3509 3607 3619 6684 3150 3102 3865 4271 4727      6588 6099 5440 5739 
3649 3790 3882 3885 7037 3396 3433 3394 3978 4636 5366      6776 7343 5172 
3388 3517 3619 3624 6709 3082 3169 3164 2967 3359 4897 4659      6433 5073 
3421 3555 3658 3665 6699 3131 3207 3204 3051 2857 4063 3495 4624      6069 

Level: 4  Iter: 40  TotChg: 105.70  MaxChg: 5.61  DispChg: 95
PnAve: 4.79636  DlAve: 4.79681
5260      5718 4560 4896 3986 4131 4312 4379 4248 7311 4425 4591 4533 4337 
4176 5672      5889 5551 4653 4138 4376 4440 4287 7416 4486 4655 4595 4406 
4469 6971 5901      6557 5601 4983 4652 4732 4614 7751 4796 4968 4914 4720 
5454 4511 4876 5652      6110 5525 5024 4442 4413 7464 4554 4698 4645 4460 
5481 5437 6014 6539 8944      6441 5964 5459 6306 6220 4753 4817 4816 4656 
3798 3870 3718 3866 6647 5739      6759 7881 6049 6357 5020 5082 5031 4921 
3733 3810 3665 3739 6041 4945 5977      7254 6634 7082 4908 5160 5123 4953 
3700 3577 3836 3844 5489 4700 6581 5420      7169 7656 5467 4920 5125 4932 
3326 3632 3662 3692 5475 5106 4057 4744 5087      9394 7464 6853 6174 6061 
3365 3509 3606 3618 6682 3150 3101 3863 4270 4725      6588 6098 5439 5740 
3649 3789 3882 3885 7036 3396 3433 3393 3976 4636 5366      6775 7342 5172 
3389 3517 3620 3625 6710 3083 3170 3164 2968 3359 4895 4660      6432 5072 
3421 3554 3658 3665 6698 3131 3206 3204 3050 2855 4066 3496 4624      6069 

Level: 4  Iter: 41  TotChg: 42.41  MaxChg: 2.60  DispChg: 36
PnAve: 4.79673  DlAve: 4.79655
5260      5718 4560 4895 3985 4131 4312 4379 4248 7311 4425 4591 4532 4337 
4176 5672      5889 5551 4653 4138 4376 4441 4287 7416 4486 4655 4595 4406 
4469 6971 5901      6557 5601 4983 4652 4732 4614 7751 4796 4968 4914 4720 
5454 4511 4875 5652      6109 5524 5024 4441 4413 7464 4554 4697 4644 4459 
5482 5437 6014 6539 8944      6441 5965 5459 6307 6220 4753 4817 4817 4656 
3798 3870 3718 3866 6647 5739      6760 7881 6049 6354 5020 5082 5031 4921 
3733 3810 3665 3740 6041 4945 5977      7254 6634 7082 4908 5160 5123 4953 
3701 3577 3836 3844 5489 4700 6581 5420      7169 7656 5467 4920 5126 4932 
3326 3632 3662 3692 5475 5106 4057 4744 5087      9394 7464 6853 6174 6061 
3365 3507 3606 3617 6682 3149 3100 3863 4269 4724      6588 6098 5438 5740 
3649 3789 3882 3885 7036 3396 3433 3394 3974 4636 5366      6775 7342 5172 
3390 3518 3620 3626 6710 3084 3170 3165 2968 3359 4895 4660      6432 5072 
3421 3554 3658 3665 6698 3131 3207 3204 3050 2855 4067 3496 4624      6069 

Level: 4  Iter: 42  TotChg: 82.29  MaxChg: 8.25  DispChg: 74
PnAve: 4.79668  DlAve: 4.79654
5260      5718 4559 4895 3985 4131 4312 4379 4248 7310 4425 4591 4533 4337 
4176 5673      5889 5550 4652 4138 4376 4441 4287 7415 4486 4655 4595 4406 
4468 6971 5900      6556 5600 4982 4652 4731 4614 7750 4795 4968 4915 4719 
5454 4511 4876 5652      6109 5523 5024 4440 4413 7463 4554 4697 4644 4459 
5482 5438 6015 6539 8945      6441 5964 5458 6306 6220 4753 4817 4817 4656 
3797 3870 3718 3866 6647 5738      6760 7881 6050 6362 5020 5083 5032 4922 
3733 3810 3665 3739 6041 4944 5976      7253 6635 7082 4908 5160 5124 4953 
3700 3578 3836 3844 5489 4700 6581 5421      7170 7656 5468 4920 5126 4932 
3326 3632 3662 3692 5475 5105 4056 4744 5087      9394 7464 6853 6174 6060 
3364 3507 3605 3616 6682 3148 3100 3862 4268 4724      6588 6098 5439 5740 
3649 3790 3882 3885 7037 3396 3433 3394 3974 4636 5366      6776 7343 5172 
3390 3519 3621 3626 6711 3084 3170 3166 2969 3359 4896 4661      6433 5073 
3421 3555 3658 3665 6699 3131 3207 3205 3050 2855 4068 3497 4625      6069 

Level: 4  Iter: 43  TotChg: 121.80  MaxChg: 5.88  DispChg: 81
PnAve: 4.79632  DlAve: 4.79668
5260      5719 4561 4896 3985 4131 4312 4379 4248 7311 4426 4591 4533 4337 
4176 5672      5889 5550 4653 4138 4376 4439 4287 7416 4486 4656 4596 4406 
4468 6971 5901      6557 5601 4982 4652 4731 4614 7751 4796 4968 4915 4719 
5454 4511 4876 5652      6109 5524 5024 4442 4413 7464 4554 4698 4645 4459 
5481 5437 6014 6539 8945      6441 5963 5458 6306 6220 4753 4817 4817 4656 
3797 3870 3718 3866 6647 5738      6759 7880 6049 6356 5020 5082 5031 4921 
3733 3810 3664 3739 6041 4945 5977      7253 6634 7082 4908 5160 5123 4953 
3700 3577 3836 3844 5489 4700 6581 5420      7169 7656 5467 4920 5126 4932 
3326 3632 3663 3693 5475 5106 4057 4745 5088      9394 7464 6853 6174 6060 
3366 3508 3607 3619 6683 3150 3101 3864 4271 4727      6588 6098 5439 5740 
3649 3789 3882 3885 7036 3396 3433 3393 3978 4635 5366      6776 7343 5172 
3388 3516 3619 3624 6709 3082 3169 3163 2967 3359 4896 4658      6433 5073 
3421 3554 3657 3665 6698 3131 3206 3203 3050 2856 4063 3495 4624      6069 

Level: 4  Iter: 44  TotChg: 79.12  MaxChg: 2.47  DispChg: 72
PnAve: 4.79691  DlAve: 4.79691
5260      5718 4560 4895 3985 4131 4313 4379 4248 7311 4425 4591 4533 4337 
4176 5672      5889 5551 4653 4138 4376 4440 4287 7416 4486 4655 4595 4406 
4469 6971 5901      6557 5601 4983 4652 4732 4614 7751 4796 4968 4915 4720 
5454 4511 4875 5652      6109 5525 5025 4441 4413 7464 4554 4697 4644 4460 
5482 5437 6014 6539 8944      6442 5965 5459 6307 6220 4753 4817 4817 4656 
3798 3870 3718 3866 6647 5739      6760 7881 6050 6354 5020 5082 5031 4922 
3733 3810 3665 3740 6041 4945 5977      7254 6635 7082 4908 5160 5124 4954 
3701 3577 3836 3844 5489 4700 6581 5420      7170 7656 5468 4920 5126 4932 
3326 3632 3662 3692 5475 5106 4057 4745 5087      9394 7464 6853 6174 6061 
3365 3509 3606 3618 6682 3150 3101 3863 4270 4725      6588 6098 5439 5740 
3649 3789 3882 3885 7036 3396 3433 3394 3976 4636 5366      6775 7342 5172 
3389 3517 3620 3625 6709 3083 3169 3164 2968 3359 4895 4660      6433 5073 
3421 3554 3657 3665 6698 3131 3206 3204 3050 2855 4065 3496 4624      6069 

Level: 4  Iter: 45  TotChg: 80.16  MaxChg: 8.19  DispChg: 70
PnAve: 4.79675  DlAve: 4.79650
5260      5718 4559 4895 3985 4131 4312 4379 4248 7310 4425 4591 4533 4336 
4176 5672      5889 5550 4652 4138 4376 4441 4287 7415 4486 4655 4595 4406 
4468 6971 5901      6556 5600 4982 4652 4732 4613 7750 4795 4968 4915 4719 
5454 4511 4876 5652      6109 5524 5024 4441 4413 7463 4554 4697 4644 4459 
5481 5437 6014 6539 8945      6441 5965 5459 6307 6220 4753 4817 4817 4656 
3797 3870 3718 3866 6647 5738      6760 7881 6050 6362 5020 5083 5032 4922 
3733 3810 3665 3739 6041 4945 5977      7254 6635 7082 4908 5160 5124 4953 
3700 3577 3836 3844 5489 4699 6581 5419      7170 7656 5467 4921 5126 4932 
3326 3632 3662 3692 5474 5106 4057 4744 5087      9393 7464 6853 6174 6060 
3365 3508 3606 3617 6682 3149 3101 3863 4269 4725      6588 6099 5439 5739 
3649 3789 3882 3885 7037 3396 3433 3394 3975 4637 5366      6776 7343 5172 
3390 3518 3621 3626 6710 3084 3170 3165 2969 3360 4896 4661      6433 5073 
3421 3555 3658 3665 6699 3131 3207 3204 3050 2855 4067 3497 4625      6069 

Level: 4  Iter: 46  TotChg: 91.26  MaxChg: 5.85  DispChg: 81
PnAve: 4.79584  DlAve: 4.79632
5260      5719 4561 4896 3985 4131 4312 4379 4248 7311 4426 4591 4533 4337 
4175 5672      5889 5550 4653 4138 4376 4441 4287 7416 4486 4655 4596 4407 
4468 6971 5900      6557 5600 4982 4652 4731 4614 7751 4796 4968 4915 4720 
5454 4511 4875 5652      6109 5524 5024 4440 4413 7464 4554 4697 4645 4459 
5481 5437 6014 6539 8945      6441 5963 5458 6306 6220 4753 4817 4817 4656 
3797 3869 3718 3865 6647 5738      6759 7880 6049 6356 5020 5082 5031 4921 
3732 3810 3664 3739 6040 4945 5976      7253 6634 7081 4908 5160 5123 4953 
3698 3576 3835 3843 5488 4699 6579 5419      7169 7656 5467 4920 5126 4932 
3326 3631 3662 3692 5474 5105 4056 4743 5086      9394 7464 6853 6174 6061 
3364 3508 3605 3616 6681 3148 3099 3861 4268 4723      6588 6098 5439 5740 
3649 3789 3882 3885 7036 3396 3432 3393 3974 4636 5366      6775 7343 5172 
3390 3518 3621 3626 6711 3084 3170 3165 2968 3359 4895 4661      6433 5073 
3421 3555 3658 3665 6699 3131 3206 3203 3050 2855 4068 3497 4625      6069 

Level: 4  Iter: 47  TotChg: 117.83  MaxChg: 5.48  DispChg: 83
PnAve: 4.79673  DlAve: 4.79644
5260      5718 4560 4895 3985 4131 4312 4379 4248 7311 4425 4591 4533 4337 
4176 5672      5889 5550 4653 4138 4376 4439 4287 7415 4486 4656 4596 4406 
4469 6971 5901      6556 5600 4982 4652 4731 4613 7750 4795 4968 4915 4719 
5454 4511 4875 5652      6108 5524 5024 4442 4413 7464 4554 4697 4645 4459 
5481 5437 6014 6539 8944      6441 5964 5458 6306 6220 4753 4817 4817 4656 
3798 3870 3718 3865 6647 5739      6760 7881 6049 6354 5020 5082 5032 4921 
3733 3810 3664 3739 6041 4945 5977      7253 6634 7082 4908 5160 5124 4953 
3700 3577 3836 3844 5489 4700 6581 5420      7170 7656 5467 4920 5126 4932 
3326 3632 3663 3693 5475 5106 4057 4746 5088      9394 7464 6853 6174 6060 
3366 3508 3607 3618 6683 3150 3101 3864 4271 4726      6588 6098 5440 5740 
3649 3789 3882 3885 7036 3396 3433 3393 3978 4635 5366      6776 7343 5172 
3388 3516 3619 3624 6708 3082 3169 3163 2967 3359 4896 4658      6433 5073 
3421 3554 3657 3665 6698 3131 3206 3204 3050 2856 4063 3494 4623      6069 

Level: 4  Iter: 48  TotChg: 96.43  MaxChg: 8.31  DispChg: 81
PnAve: 4.79731  DlAve: 4.79702
5260      5719 4560 4896 3986 4131 4312 4379 4248 7311 4426 4591 4533 4337 
4176 5673      5889 5551 4653 4138 4376 4440 4287 7415 4486 4655 4595 4406 
4468 6971 5901      6557 5601 4983 4652 4732 4614 7751 4796 4968 4915 4720 
5454 4511 4876 5652      6110 5524 5024 4441 4413 7464 4554 4698 4645 4460 
5482 5438 6015 6539 8945      6441 5964 5459 6306 6220 4753 4817 4817 4656 
3798 3870 3718 3866 6647 5738      6759 7881 6049 6362 5020 5082 5031 4921 
3733 3811 3665 3740 6041 4946 5977      7254 6635 7082 4908 5160 5123 4953 
3701 3578 3836 3844 5489 4700 6581 5421      7169 7656 5467 4920 5125 4932 
3326 3632 3662 3693 5475 5106 4057 4745 5087      9394 7464 6853 6173 6060 
3365 3510 3606 3618 6683 3150 3101 3864 4270 4725      6588 6098 5439 5740 
3649 3790 3882 3885 7037 3396 3433 3394 3976 4636 5366      6775 7343 5172 
3389 3518 3620 3625 6710 3084 3170 3165 2968 3360 4896 4660      6432 5073 
3421 3555 3658 3665 6699 3131 3207 3204 3051 2856 4066 3496 4625      6069 

Level: 4  Iter: 49  TotChg: 63.47  MaxChg: 5.31  DispChg: 56
PnAve: 4.79626  DlAve: 4.79648
5260      5718 4560 4895 3985 4131 4312 4379 4248 7311 4425 4591 4533 4337 
4176 5672      5889 5550 4653 4138 4376 4441 4287 7415 4486 4655 4595 4406 
4468 6971 5901      6557 5601 4983 4652 4732 4614 7751 4796 4968 4914 4720 
5454 4511 4876 5652      6109 5524 5024 4441 4413 7464 4554 4698 4644 4459 
5481 5437 6014 6539 8944      6441 5965 5459 6306 6220 4753 4817 4817 4656 
3798 3870 3718 3866 6647 5739      6760 7881 6049 6357 5020 5082 5031 4921 
3733 3810 3665 3739 6041 4945 5977      7254 6634 7082 4908 5160 5123 4953 
3700 3577 3836 3844 5488 4700 6581 5420      7169 7656 5467 4920 5126 4932 
3326 3632 3662 3692 5474 5106 4057 4744 5087      9394 7464 6853 6174 6060 
3365 3507 3606 3617 6682 3149 3100 3862 4269 4725      6588 6098 5439 5740 
3649 3789 3882 3885 7036 3396 3433 3393 3974 4636 5366      6775 7342 5172 
3390 3518 3620 3626 6710 3084 3170 3165 2968 3359 4895 4661      6432 5073 
3421 3554 3658 3665 6698 3131 3207 3204 3050 2855 4067 3497 4624      6069 

Level: 4  Iter: 50  TotChg: 59.46  MaxChg: 2.71  DispChg: 52
PnAve: 4.79630  DlAve: 4.79649
5260      5718 4560 4895 3985 4131 4312 4379 4248 7311 4425 4591 4533 4337 
4176 5672      5889 5550 4653 4138 4376 4441 4287 7416 4486 4655 4595 4406 
4469 6971 5901      6557 5600 4983 4652 4732 4614 7751 4796 4968 4915 4720 
5454 4511 4875 5652      6108 5524 5024 4440 4413 7464 4554 4697 4644 4459 
5481 5437 6015 6539 8945      6441 5964 5458 6306 6220 4753 4817 4817 4656 
3797 3870 3718 3865 6647 5738      6760 7881 6050 6354 5020 5082 5032 4922 
3733 3810 3664 3739 6041 4944 5976      7253 6634 7082 4908 5160 5124 4953 
3699 3577 3836 3844 5489 4700 6580 5420      7170 7656 5468 4920 5126 4932 
3326 3632 3662 3692 5474 5105 4056 4744 5087      9394 7464 6853 6174 6061 
3364 3508 3605 3616 6681 3148 3100 3861 4268 4723      6588 6098 5439 5740 
3649 3789 3882 3885 7036 3396 3432 3394 3973 4636 5366      6775 7343 5172 
3390 3518 3621 3626 6710 3084 3170 3165 2968 3358 4895 4661      6433 5073 
3421 3555 3658 3665 6699 3131 3206 3204 3050 2854 4067 3497 4624      6069 
